 id | user_id 
----+---------
 38 |       2
 30 |       2
 39 |       2
 41 |       2
 42 |       2
 26 |       2
 43 |       2
 52 |       2
 44 |       2
  3 |       2
 45 |       2
 40 |       2
 32 |       2
  5 |       1
  1 |       1
  6 |       1
  2 |       1
  4 |       1
  9 |       1
 10 |       1
 11 |       1
 12 |       1
 13 |       1
 14 |       1
 15 |       1
 16 |       1
 17 |       1
 18 |       1
 19 |       1
 20 |       1
 21 |       1
 22 |       1
 23 |       1
 24 |       1
 25 |       1
  7 |       1
  8 |       1
 46 |       2
 34 |       2
 35 |       2
 36 |       2
 31 |       2
 29 |       2
 47 |       2
 48 |       2
 49 |       2
 50 |       2
 51 |       2
 27 |       2
 28 |       2
 33 |       2
 54 |       2
 55 |       2
 56 |       2
 57 |       2
 58 |       2
 59 |       2
 37 |       2
 61 |       2
 62 |       2
(60 rows)

